0.480565 -0.87665 0.0232865 0.687383 0.876925 0.48061 -0.00401009 0.55236 -0.0076763 0.0223477 0.999721 0.786151
0.477284 -0.878556 0.0184031 1.48391 0.878745 0.477243 -0.00686302 2.09038 -0.00275319 0.0194472 0.999807 0.792309
0.474329 -0.880248 0.0132121 2.29064 0.880347 0.474292 -0.00604466 3.66802 -0.00094558 0.0144984 0.999894 0.801038
