0.480565 -0.87665 0.0232865 0.687383 0.876925 0.48061 -0.00401009 0.55236 -0.0076763 0.0223477 0.999721 0.786151
0.477693 -0.878318 0.0191681 1.51101 0.878521 0.477655 -0.00680121 2.08242 -0.00318213 0.0200885 0.999793 0.785884
0.475438 -0.879642 0.0137364 2.3435 0.879747 0.475413 -0.00524209 3.66937 -0.0019193 0.0145769 0.999892 0.78435
