0.477479 -0.878368 0.0219772 1.01121 0.87783 0.477964 0.0310733 1.97303 -0.0377981 0.00445538 0.999275 1.57097
0.47417 -0.880219 0.019429 1.49129 0.87974 0.474557 0.0292222 2.54615 -0.0349421 0.00323617 0.999384 1.5121
0.474014 -0.880415 -0.013437 1.9018 0.879997 0.473155 0.0415859 2.94389 -0.0302551 -0.0315368 0.999045 1.67519
0.470078 -0.882226 -0.0265409 2.40256 0.882254 0.468796 0.0430963 3.67042 -0.0255784 -0.0436745 0.998718 1.53549
0.466874 -0.883506 -0.038034 2.93353 0.884033 0.465185 0.0457105 4.51781 -0.0226927 -0.0549643 0.99823 1.38363
0.464828 -0.884746 -0.0340557 3.43649 0.885121 0.46337 0.0429977 5.40733 -0.0222616 -0.0501299 0.998495 1.29676
0.463425 -0.885516 -0.0331319 3.88047 0.885869 0.462045 0.0418336 6.28148 -0.0217359 -0.0487373 0.998575 1.23244
0.464219 -0.8853 -0.027284 4.14376 0.885392 0.462989 0.0414907 7.12572 -0.0240996 -0.0434179 0.998766 1.25758
0.46541 -0.884992 -0.0135178 4.41489 0.884746 0.464743 0.0352036 7.90357 -0.0248726 -0.028344 0.999289 1.2879
0.466475 -0.884535 0.000288399 4.68988 0.884162 0.466287 0.0288789 8.68168 -0.0256788 -0.0132163 0.999583 1.31834
0.464221 -0.885694 0.00670896 5.15901 0.885515 0.464263 0.0179925 9.62499 -0.0190505 -0.00241159 0.999816 1.31086
0.464786 -0.885315 0.0138695 5.57972 0.885198 0.464964 0.0152676 10.532 -0.0199654 0.00518106 0.999787 1.18084
0.464774 -0.885212 0.0196265 5.93417 0.885201 0.465043 0.0123959 11.1915 -0.0201002 0.0116121 0.99973 1.10511
0.463929 -0.885473 0.0265778 6.3285 0.885638 0.464287 0.0090503 11.7605 -0.0203535 0.0193397 0.999606 1.07551
0.463515 -0.885449 0.0336721 6.7215 0.885841 0.463949 0.00602297 12.3511 -0.0209552 0.0270364 0.999415 1.02433
0.467328 -0.883232 0.0388111 7.0722 0.88385 0.467764 0.00247045 13.1682 -0.0203364 0.0331487 0.999243 0.977905
0.467943 -0.882602 0.0451943 7.51362 0.883647 0.468086 -0.00801404 14.1498 -0.0140816 0.0436859 0.998946 0.92201
0.468713 -0.882048 0.0479525 8.04801 0.88328 0.46867 -0.0128366 15.0596 -0.0111514 0.0483722 0.998767 0.898934
0.471324 -0.88098 0.041566 8.48289 0.881888 0.471364 -0.00945343 16.0872 -0.0112644 0.0411122 0.999091 0.943438
0.470704 -0.881346 0.0408246 8.96173 0.882167 0.470911 -0.0050078 16.9737 -0.0148112 0.0383713 0.999154 0.931784
0.469402 -0.882038 0.0408724 9.42584 0.88281 0.469727 -0.00185647 17.8187 -0.0175614 0.0369539 0.999163 0.964341
0.468094 -0.881957 0.0551425 9.78269 0.88349 0.468371 -0.00858332 18.4411 -0.018257 0.0527356 0.998442 0.9078
0.465024 -0.88301 0.063605 10.261 0.885214 0.464766 -0.0196939 19.1573 -0.0121715 0.0654622 0.997781 0.77834
0.464461 -0.883536 0.0603304 10.7263 0.885523 0.464204 -0.0190656 20.0448 -0.0111605 0.0622792 0.997996 0.831442
0.464023 -0.883954 0.0575194 11.1602 0.885764 0.463761 -0.0186228 20.9434 -0.0102136 0.05959 0.998171 0.829858
0.462958 -0.884998 0.0494853 11.633 0.886323 0.46284 -0.0145123 21.8691 -0.0100604 0.0505785 0.998669 0.845738
0.461895 -0.88592 0.0424029 12.1073 0.886853 0.461973 -0.00852848 22.797 -0.0120335 0.0415444 0.999064 0.885171
0.461692 -0.88601 0.0427424 12.5179 0.886947 0.461805 -0.00778791 23.6578 -0.0128385 0.0415058 0.999056 0.900835
0.459658 -0.886832 0.0473655 13.0099 0.887974 0.459824 -0.0079911 24.5174 -0.014693 0.0457325 0.998846 0.884395
0.459131 -0.887228 0.0450131 13.4833 0.888213 0.459409 -0.00456112 25.3853 -0.0166327 0.0420754 0.998976 0.915522
0.458625 -0.887544 0.0439072 13.937 0.888426 0.459019 -0.00125583 26.2474 -0.0190396 0.0395842 0.999035 0.927972
0.458297 -0.887654 0.0451025 14.3904 0.888619 0.458636 -0.00311399 27.1172 -0.0179215 0.041506 0.998977 0.902956
0.458339 -0.887539 0.0469048 14.8371 0.888616 0.458623 -0.00515218 27.9913 -0.0169389 0.0440418 0.998886 0.87792
0.458997 -0.887214 0.0466242 15.2641 0.888289 0.459247 -0.00582735 28.8573 -0.0162419 0.0440905 0.998896 0.867485
0.458331 -0.887618 0.0454591 15.7167 0.888648 0.458548 -0.00614071 29.7479 -0.0153946 0.0432116 0.998947 0.864858
0.457657 -0.888022 0.0443525 16.1657 0.889009 0.457846 -0.00639951 30.6389 -0.0146237 0.0423585 0.998995 0.863783
0.457002 -0.888333 0.0448726 16.5993 0.889307 0.457293 -0.00415843 31.5174 -0.0168258 0.0418059 0.998984 0.853178
0.456402 -0.888553 0.0465914 17.0521 0.889626 0.456655 -0.00568254 32.4345 -0.016227 0.0440424 0.998898 0.867034
0.455904 -0.888712 0.0483964 17.5036 0.889898 0.456095 -0.00766352 33.3459 -0.0152627 0.0465617 0.998799 0.875732
0.45598 -0.88873 0.0473366 17.9645 0.8899 0.456047 -0.01001 34.2322 -0.0126915 0.0466892 0.998829 0.85134
0.455312 -0.889395 0.0408308 18.3818 0.890251 0.455409 -0.00742011 35.0855 -0.0119953 0.0397281 0.999138 0.818547
0.455775 -0.889088 0.04232 18.8076 0.88997 0.455991 -0.00495199 35.886 -0.0148948 0.0399206 0.999092 0.864199
0.455262 -0.889354 0.0422647 19.2721 0.890227 0.455495 -0.00450488 36.797 -0.0152449 0.0396761 0.999096 0.897028
0.454932 -0.889528 0.0421596 19.7356 0.890405 0.455141 -0.00505218 37.6662 -0.0146945 0.0398375 0.999098 0.906911
0.454611 -0.889687 0.0422526 20.1979 0.890577 0.454797 -0.00565955 38.5343 -0.0141811 0.0402021 0.999091 0.916895
0.454239 -0.889868 0.0424552 20.6557 0.890773 0.454406 -0.00617767 39.4024 -0.0137946 0.0406241 0.999079 0.927237
0.452495 -0.890587 0.0458603 21.0127 0.891634 0.452716 -0.00603927 40.1889 -0.0153832 0.0436234 0.99893 0.914673
0.452225 -0.890669 0.0469154 21.4604 0.891682 0.452659 -0.00151031 41.0521 -0.0198915 0.0425167 0.998898 0.96149
0.452138 -0.890626 0.0485414 21.9139 0.891702 0.452621 -0.00115363 41.9544 -0.0209434 0.0438061 0.99882 0.962898
0.451239 -0.891176 0.0467874 22.3214 0.892181 0.451677 -0.00135076 42.7761 -0.019929 0.0423524 0.998904 0.943303
0.450342 -0.891609 0.0471701 22.7278 0.892721 0.450563 -0.00644356 43.637 -0.0155079 0.0450115 0.998866 0.884934
0.449597 -0.89197 0.0474557 23.1346 0.893165 0.449578 -0.011672 44.4738 -0.010924 0.0476335 0.998805 0.8285
0.448287 -0.893131 0.0368236 23.5507 0.893825 0.448368 -0.00649549 45.2559 -0.0107092 0.0358257 0.999301 0.868273
0.447106 -0.894108 0.0258519 23.9617 0.894401 0.447265 0.000424576 46.0513 -0.0119423 0.0229322 0.999666 0.948261
0.445433 -0.895043 0.0220821 24.3685 0.895217 0.445614 0.00381176 46.8513 -0.0132518 0.0180704 0.999749 0.995214
0.444269 -0.895625 0.0219155 24.7671 0.895791 0.444455 0.00424655 47.6411 -0.0135438 0.0177451 0.999751 1.00142
0.443108 -0.896204 0.021772 25.1636 0.896361 0.4433 0.0047004 48.4311 -0.013864 0.0174328 0.999752 1.00646
0.442096 -0.896645 0.024069 25.5286 0.896839 0.442329 0.00510724 49.1742 -0.0152258 0.0193282 0.999697 0.961546
0.441058 -0.897093 0.0263068 25.8903 0.897328 0.441332 0.005392 49.9206 -0.0164472 0.0212277 0.999639 0.919494
0.439737 -0.897733 0.0265688 26.2276 0.897983 0.440003 0.00486477 50.6552 -0.0160576 0.0217191 0.999635 0.940036
0.438376 -0.898448 0.0248677 26.5671 0.898628 0.438656 0.00694094 51.4005 -0.0171445 0.0193041 0.999667 0.958278
0.436972 -0.89919 0.0226492 26.934 0.899236 0.437298 0.0120417 52.1176 -0.0207322 0.0151051 0.999671 0.919414
0.435852 -0.899728 0.022847 27.2804 0.89972 0.43622 0.0146738 52.8268 -0.0231688 0.0141603 0.999631 0.911485
0.434677 -0.900153 0.0279442 27.5623 0.900372 0.435041 0.00831332 53.5475 -0.0196401 0.0215466 0.999575 0.909524
0.43389 -0.90052 0.0283369 27.8599 0.900857 0.434112 0.00188624 54.2101 -0.014 0.0247091 0.999597 0.902016
0.43334 -0.90097 0.0216664 28.1725 0.901193 0.433416 -0.00128274 54.8612 -0.00823485 0.0200814 0.999764 0.95953
0.431819 -0.901901 0.0103311 28.4848 0.901933 0.431867 0.00289131 55.4117 -0.00706933 0.00806941 0.999942 1.02745
0.431093 -0.902247 0.0104116 28.8114 0.902269 0.431152 0.00423208 56.0885 -0.00830738 0.00756968 0.999937 1.00912
0.430446 -0.90254 0.0117615 29.1161 0.902565 0.430524 0.00506784 56.7365 -0.00963756 0.00843412 0.999918 1.0015
0.429789 -0.90282 0.0140626 29.367 0.902896 0.429855 0.00193282 57.3061 -0.00778986 0.0118663 0.999899 1.02575
0.429709 -0.902824 0.0160943 29.6088 0.902955 0.429727 -0.00249414 57.7838 -0.00466439 0.0156042 0.999867 1.0205
0.429957 -0.902665 0.0182206 29.8569 0.902848 0.429903 -0.00702794 58.2669 -0.00148922 0.0194722 0.999809 1.02306
0.432764 -0.901346 0.0170353 30.118 0.901507 0.432688 -0.00807657 58.7969 -9.12054e-05 0.0188527 0.999822 1.02996
0.436514 -0.899581 0.0144638 30.3745 0.899692 0.436512 -0.00347261 59.3872 -0.00318971 0.0145288 0.999889 1.03215
0.441154 -0.897269 0.0170968 30.6283 0.89742 0.441165 -0.00331552 59.92 -0.00456759 0.0168057 0.999848 1.04818
0.44558 -0.895006 0.0205766 30.8974 0.895215 0.445627 -0.00250687 60.4308 -0.00692583 0.0195375 0.999785 1.05302
0.452651 -0.891319 0.0256546 31.1203 0.891632 0.452756 -0.00186751 60.8872 -0.00995075 0.0237198 0.999669 1.05087
0.462415 -0.886252 0.027037 31.3106 0.886578 0.462579 -0.000182424 61.2942 -0.0123451 0.0240548 0.999634 1.03734
0.475047 -0.879683 0.0220695 31.5404 0.879882 0.47519 0.00141911 61.7518 -0.0117356 0.0187444 0.999755 1.06957
0.491493 -0.870712 0.0171557 31.8029 0.870816 0.491603 0.00257207 62.2122 -0.0106733 0.0136753 0.999849 1.08537
0.512124 -0.858738 0.0172727 32.0902 0.85882 0.51226 0.00427578 62.6013 -0.0125199 0.0126444 0.999842 1.0942
0.53475 -0.844727 0.0218855 32.3355 0.844895 0.534925 0.00269173 62.9633 -0.0139809 0.0170515 0.999757 1.10152
0.560219 -0.828039 0.022478 32.5985 0.828186 0.560436 0.00432777 63.3553 -0.0161811 0.0161915 0.999738 1.10522
0.589218 -0.807658 0.0226079 32.8696 0.807764 0.589472 0.00631611 63.6746 -0.018428 0.0145403 0.999724 1.12582
0.619686 -0.784518 0.0228351 33.1703 0.784599 0.619961 0.00725184 64.0628 -0.0198461 0.0134225 0.999713 1.1245
0.653882 -0.75623 0.0235623 33.4629 0.756271 0.654197 0.00896709 64.3331 -0.0221956 0.0119561 0.999682 1.11086
0.687707 -0.725569 0.0246694 33.7912 0.72561 0.688048 0.00889892 64.6577 -0.0234306 0.0117805 0.999656 1.1024
0.723738 -0.689698 0.022795 34.0912 0.689737 0.724023 0.00737341 64.9337 -0.0215896 0.0103862 0.999713 1.10056
0.7611 -0.64828 0.0214547 34.44 0.648272 0.761364 0.00827962 65.1551 -0.0217024 0.00760689 0.999735 1.11717
0.798758 -0.601294 0.0207573 34.7968 0.601274 0.799004 0.00788955 65.4394 -0.0213291 0.00617898 0.999753 1.0946
0.833908 -0.551536 0.0201549 35.1016 0.551503 0.834138 0.00767416 65.6256 -0.0210446 0.00471595 0.999767 1.0906
0.86758 -0.496909 0.0196486 35.4424 0.496885 0.867793 0.00639445 65.7598 -0.0202284 0.00421542 0.999786 1.06792
0.897959 -0.439678 0.0187733 35.8182 0.439667 0.898147 0.00489639 65.9209 -0.019014 0.00385726 0.999812 1.06675
0.924332 -0.381162 0.0180498 36.1625 0.381145 0.924504 0.00451719 66.0904 -0.0184089 0.00270422 0.999827 1.08603
0.946455 -0.322213 0.0200422 36.5482 0.322177 0.946666 0.0050953 66.1904 -0.020615 0.00163466 0.999786 1.08351
0.964673 -0.262446 0.023 36.9284 0.262361 0.964947 0.00668716 66.3126 -0.0239488 -0.000416613 0.999713 1.05746
0.979261 -0.201119 0.0244664 37.3079 0.201002 0.979564 0.00717911 66.4108 -0.0254102 -0.00211243 0.999675 1.03038
0.989706 -0.140914 0.0250015 37.6764 0.140814 0.99002 0.00573182 66.4129 -0.0255596 -0.00215226 0.999671 1.00947
0.996354 -0.0819312 0.0237716 38.0199 0.0819141 0.996638 0.00169364 66.3755 -0.0238304 0.000259768 0.999716 1.02287
0.999341 -0.0266624 0.0246503 38.3543 0.0266029 0.999642 0.00273728 66.3221 -0.0247145 -0.0020797 0.999692 1.02435
0.99937 0.0260793 0.0240602 38.7326 -0.0262152 0.999642 0.00534797 66.3182 -0.0239121 -0.00597535 0.999696 1.02871
0.996798 0.0766887 0.0226506 39.0939 -0.0768601 0.997019 0.00679638 66.3278 -0.0220619 -0.00851555 0.99972 1.03022
0.992138 0.12345 0.0205616 39.4736 -0.123513 0.992341 0.00183153 66.3078 -0.020178 -0.00435675 0.999787 0.989805
0.985406 0.169091 0.0195567 39.8574 -0.169019 0.985599 -0.00526052 66.2694 -0.0201646 0.00187829 0.999795 0.973777
0.978584 0.204788 0.0208466 40.2378 -0.204612 0.978789 -0.0102769 66.1224 -0.022509 0.0057914 0.99973 0.998535
0.970876 0.23859 0.0217926 40.5834 -0.238435 0.971112 -0.00950035 66.008 -0.0234298 0.00402753 0.999717 0.992027
0.962592 0.270062 0.0219948 40.9406 -0.270114 0.962828 -0.000641905 65.9154 -0.0213506 -0.00532322 0.999758 0.994957
0.95427 0.298293 0.0197449 41.3125 -0.298432 0.95442 0.00445912 65.8302 -0.0175148 -0.0101477 0.999795 1.02492
0.946534 0.322148 0.0171416 41.6604 -0.32224 0.946654 0.00282356 65.7061 -0.0153176 -0.0081963 0.999849 1.03128
0.9382 0.345828 0.0135467 42.0515 -0.345853 0.938289 -0.000507157 65.5274 -0.0128861 -0.00420934 0.999908 1.02228
0.930091 0.367249 0.00769179 42.3892 -0.367251 0.930121 -0.00114881 65.3529 -0.00757619 -0.00175632 0.99997 1.02165
0.922548 0.38588 0.00112623 42.779 -0.385879 0.922549 -0.000419383 65.184 -0.00120083 -4.76867e-05 0.999999 1.01125
0.915601 0.402088 0.000473348 43.2356 -0.402087 0.915595 0.00352993 65.0068 0.000985948 -0.00342233 0.999994 1.03602
0.909347 0.416021 0.00389131 43.6742 -0.416033 0.909344 0.00325596 64.8305 -0.00218399 -0.00457971 0.999987 1.03078
0.902995 0.429568 0.00839191 44.1029 -0.429598 0.903018 0.00205095 64.6221 -0.00669702 -0.00545715 0.999963 1.03468
0.897527 0.44082 0.0110933 44.4821 -0.440866 0.897571 0.00199249 64.3683 -0.00907869 -0.00667898 0.999937 1.04768
0.891907 0.45208 0.0112468 44.904 -0.452103 0.891966 -0.000510986 64.103 -0.0102628 -0.00462898 0.999937 1.03213
0.886758 0.462148 0.00892028 45.4145 -0.462122 0.886803 -0.00490018 63.8286 -0.0101751 0.000223016 0.999948 1.03682
0.88269 0.469937 0.00411621 45.8938 -0.469874 0.882667 -0.0108593 63.5689 -0.00873641 0.00765127 0.999933 1.02013
0.879365 0.476133 0.00377878 46.3656 -0.47606 0.879328 -0.0122329 63.3089 -0.00914728 0.00895828 0.999918 1.02511
0.877152 0.480177 0.00582394 46.8931 -0.480142 0.877167 -0.006539 63.0599 -0.00824844 0.00293938 0.999962 1.02614
0.874258 0.48541 0.00711924 47.3824 -0.485403 0.874286 -0.00268851 62.7779 -0.00752928 -0.00110525 0.999971 1.02999
0.871844 0.489734 0.00697169 47.9127 -0.489726 0.871872 -0.00284006 62.4877 -0.00746929 -0.000938134 0.999972 1.02409
0.869991 0.493044 0.00480509 48.5138 -0.493014 0.869999 -0.00632254 62.1778 -0.00729772 0.00313158 0.999968 1.0201
0.86878 0.495175 0.00470433 49.0761 -0.495135 0.868783 -0.00761895 61.8673 -0.00785975 0.00428992 0.99996 1.00358
0.867582 0.497273 0.00463385 49.638 -0.497224 0.867577 -0.00882459 61.5546 -0.00840846 0.005352 0.99995 0.986553
0.866456 0.499231 0.00463736 50.2016 -0.499174 0.866447 -0.00971417 61.2369 -0.00886764 0.00610205 0.999942 0.972837
0.867449 0.497504 0.00466817 50.7971 -0.497463 0.86745 -0.00782123 60.8661 -0.0079405 0.00446228 0.999959 0.985097
0.868569 0.495555 0.00362355 51.4234 -0.495515 0.86856 -0.00832567 60.4904 -0.00727309 0.00543589 0.999959 0.987508
0.869854 0.493306 0.00167102 52.0554 -0.493264 0.869816 -0.0105686 60.1205 -0.00666703 0.00836889 0.999943 0.976807
0.872646 0.488353 -0.000212183 52.7094 -0.488302 0.872549 -0.0148351 59.7822 -0.00705964 0.0130494 0.99989 0.96006
0.874585 0.484872 0.000857435 53.3724 -0.484815 0.874507 -0.0138511 59.4061 -0.00746584 0.0116983 0.999904 0.93496
0.876473 0.481447 0.00175582 54.0373 -0.481386 0.87641 -0.0131685 59.033 -0.00787876 0.0106966 0.999912 0.914337
0.878292 0.478117 0.00266165 54.7042 -0.478053 0.878244 -0.0124012 58.6619 -0.00826679 0.00961945 0.99992 0.893955
0.880096 0.474782 0.00356484 55.3729 -0.474717 0.880062 -0.0116495 58.2936 -0.00866824 0.00856036 0.999926 0.874108
0.881942 0.471347 0.0030963 56.0724 -0.471281 0.881899 -0.0122167 57.9227 -0.00848892 0.00931519 0.999921 0.892825
0.883638 0.468171 8.84907e-05 56.8254 -0.468117 0.883538 -0.0150751 57.5309 -0.00713594 0.0132795 0.999886 0.922493
0.8849 0.465778 -0.00177933 57.5894 -0.465764 0.884828 -0.0120124 57.135 -0.00402069 0.0114585 0.999926 0.937832
0.884839 0.465896 -0.000775688 58.3111 -0.465895 0.88483 -0.00415116 56.7488 -0.00124766 0.0040345 0.999991 0.952217
0.884246 0.467017 0.00226346 59.0445 -0.46702 0.884246 0.00113931 56.4083 -0.00146938 -0.00206451 0.999997 0.95992
0.883652 0.468115 0.00527776 59.7775 -0.468142 0.88363 0.00635578 56.066 -0.00168835 -0.00808704 0.999966 0.966835
0.884101 0.467279 0.00394454 60.4478 -0.467286 0.884106 0.00108566 55.6794 -0.00298008 -0.00280306 0.999992 0.964995
0.884662 0.466213 0.0044309 61.172 -0.46622 0.884669 0.000692153 55.3124 -0.00359719 -0.00267809 0.99999 0.968606
0.885209 0.465167 0.00492133 61.8975 -0.465174 0.885219 0.000321774 54.9459 -0.00420678 -0.00257411 0.999988 0.972151
0.884764 0.466024 0.00361559 62.63 -0.466033 0.884764 0.00226408 54.5354 -0.00214383 -0.00368816 0.999991 0.976659
0.884415 0.466684 0.00410499 63.3808 -0.4667 0.884404 0.00462899 54.1497 -0.00147019 -0.00600975 0.999981 0.986737
0.88305 0.469253 0.00496114 64.1343 -0.469277 0.883033 0.00573163 53.7976 -0.00169127 -0.00738946 0.999971 0.990809
0.881439 0.47226 0.00598514 64.8689 -0.472293 0.881415 0.00679801 53.4448 -0.00206497 -0.00881877 0.999959 1.00208
0.879228 0.47626 0.0115627 65.6253 -0.476377 0.879169 0.0113023 53.0381 -0.00478272 -0.0154455 0.999869 1.01159
0.876065 0.481957 0.0150629 66.3646 -0.482147 0.875985 0.013584 52.6604 -0.00664794 -0.019163 0.999794 1.00357
0.872945 0.487603 0.0144924 67.0594 -0.48778 0.872862 0.0134973 52.2672 -0.00606852 -0.0188515 0.999804 1.0174
0.868615 0.495322 0.0128174 67.721 -0.495461 0.868546 0.0120786 51.9094 -0.00514974 -0.0168422 0.999845 1.01777
0.863283 0.504566 0.0124727 68.4129 -0.504697 0.863217 0.0117475 51.4952 -0.00483925 -0.0164364 0.999853 1.02864
0.857855 0.513729 0.01294 69.1132 -0.513871 0.857776 0.0125408 51.0711 -0.00465702 -0.0174076 0.999838 1.03653
0.852257 0.522899 0.0153508 69.8202 -0.523096 0.852146 0.0147686 50.6464 -0.00535866 -0.0206166 0.999773 1.04281
0.846051 0.532832 0.0169538 70.4883 -0.533062 0.845947 0.0147656 50.2279 -0.0064744 -0.0215299 0.999747 1.05303
0.839778 0.54268 0.0164782 71.1095 -0.542898 0.83967 0.0146666 49.8191 -0.00587698 -0.0212626 0.999757 1.04983
0.834024 0.551519 0.0151732 71.7441 -0.551709 0.833905 0.0148161 49.4297 -0.00448169 -0.0207282 0.999775 1.04988
0.828094 0.560413 0.0140514 72.402 -0.560574 0.827996 0.0133794 48.9822 -0.00413646 -0.0189563 0.999812 1.06842
0.822097 0.569174 0.0140731 73.0459 -0.56934 0.821967 0.0149336 48.5313 -0.00306777 -0.0202892 0.999789 1.07609
0.816451 0.577251 0.0137686 73.6732 -0.577411 0.816299 0.0158645 48.0798 -0.00208152 -0.0209027 0.999779 1.06812
0.810953 0.584967 0.0130003 74.2778 -0.585111 0.81078 0.0167552 47.6833 -0.00073913 -0.0211943 0.999775 1.07435
0.805307 0.592732 0.0121842 74.9077 -0.592858 0.805149 0.0159957 47.2449 -0.000328951 -0.020105 0.999798 1.10133
0.799985 0.599924 0.0107896 75.4865 -0.60002 0.799871 0.0134954 46.7876 -0.000534086 -0.01727 0.999851 1.09042
0.795953 0.605233 0.0123411 76.0962 -0.605356 0.79585 0.0129366 46.2784 -0.00199201 -0.0177677 0.99984 1.10829
0.792692 0.609481 0.0131281 76.6095 -0.609617 0.792586 0.0131775 45.9067 -0.00237371 -0.0184488 0.999827 1.09363
0.790128 0.612851 0.0105242 77.1779 -0.612931 0.790098 0.00780761 45.4531 -0.00353027 -0.0126196 0.999914 1.10443
0.787898 0.615729 0.00967097 77.7418 -0.615788 0.787897 0.00483027 44.9982 -0.0046456 -0.00976103 0.999942 1.10373
0.786115 0.618007 0.00948573 78.3603 -0.618052 0.786132 0.00266507 44.5771 -0.00581001 -0.00795773 0.999951 1.10469
0.784463 0.620109 0.00909212 78.9699 -0.620138 0.784492 0.000558266 44.1558 -0.00678651 -0.00607631 0.999959 1.10395
0.784598 0.619943 0.00880531 79.4951 -0.619978 0.784617 0.0017899 43.7431 -0.00579916 -0.00686346 0.99996 1.12171
0.787134 0.616744 0.00681887 79.8916 -0.616767 0.787144 0.00173437 43.3789 -0.00429777 -0.00557083 0.999975 1.11946
0.79158 0.61105 0.00443877 80.371 -0.611058 0.791586 0.000639583 42.9977 -0.00312285 -0.00321863 0.99999 1.12101
0.796059 0.605212 0.00297941 80.8389 -0.605217 0.79606 0.000972591 42.6255 -0.00178316 -0.00257743 0.999995 1.12378
0.801926 0.597417 0.00285926 81.2969 -0.597423 0.801924 0.00210395 42.2871 -0.00103598 -0.0033954 0.999994 1.11275
0.809317 0.587366 0.00268903 81.7406 -0.587371 0.809315 0.00199642 41.9824 -0.00100364 -0.0031952 0.999994 1.12512
0.819422 0.573189 0.00163093 82.2129 -0.573191 0.819413 0.00377693 41.6682 0.000828483 -0.00402973 0.999992 1.1449
0.830807 0.556561 0.000250729 82.6595 -0.556551 0.83079 0.00628315 41.3745 0.00328865 -0.00535963 0.99998 1.16245
0.84383 0.536603 -0.00283637 83.0859 -0.536583 0.843829 0.0055717 41.1389 0.00538321 -0.00317962 0.99998 1.16993
0.859333 0.511405 -0.00358667 83.4785 -0.51137 0.859328 0.00749973 40.9471 0.00691752 -0.00461064 0.999965 1.18926
0.87517 0.483808 -0.0026454 83.9255 -0.483773 0.875153 0.00837853 40.6734 0.00636873 -0.00605286 0.999961 1.18843
0.891176 0.453648 -0.00302496 84.4451 -0.453613 0.891161 0.008163 40.4979 0.00639886 -0.0059025 0.999962 1.18464
0.909379 0.415968 0.000354616 84.8788 -0.415961 0.909357 0.00684128 40.331 0.00252328 -0.00636882 0.999976 1.19328
0.926664 0.375876 0.00338187 85.3414 -0.375891 0.926635 0.00735692 40.1583 -0.00036847 -0.00808861 0.999967 1.19029
0.944115 0.329532 0.00741061 85.8986 -0.329592 0.944078 0.00928831 40.0549 -0.00393539 -0.0112117 0.999929 1.19721
0.959755 0.280683 0.00934483 86.3965 -0.280775 0.959715 0.0106246 39.9537 -0.00598622 -0.0128208 0.9999 1.20381
0.973987 0.226438 0.00871042 86.8686 -0.226521 0.973953 0.0101407 39.8916 -0.0061873 -0.01185 0.999911 1.21082
0.986358 0.164521 0.00554431 87.3631 -0.164557 0.986343 0.0069034 39.8835 -0.00433284 -0.00772158 0.999961 1.20624
0.994941 0.10045 0.00139252 87.8314 -0.100455 0.994929 0.00504959 39.879 -0.000878223 -0.00516393 0.999986 1.21747
0.999468 0.0324099 -0.00372591 88.3194 -0.0324013 0.999472 0.00232853 39.908 0.00379941 -0.00220656 0.99999 1.23278
0.999217 -0.0391732 -0.00562844 88.771 0.0391998 0.99922 0.00469598 39.965 0.0054401 -0.00491294 0.999973 1.23868
0.993788 -0.110966 -0.00851755 89.2491 0.110999 0.993814 0.00355841 40.049 0.00807 -0.00448175 0.999957 1.23296
0.983339 -0.181482 -0.0104527 89.714 0.181525 0.983381 0.00332805 40.1612 0.00967501 -0.00517003 0.99994 1.24822
0.96877 -0.247762 -0.00996326 90.1833 0.247808 0.968802 0.00362059 40.293 0.00875538 -0.00597649 0.999944 1.2479
0.949518 -0.313637 -0.00689731 90.6258 0.31367 0.949522 0.00425223 40.484 0.00521549 -0.00620105 0.999967 1.24721
0.925724 -0.378189 -0.00286141 91.0526 0.3782 0.925708 0.00551973 40.695 0.000561326 -0.00619193 0.999981 1.23014
0.897442 -0.44113 0.00170055 91.4709 0.441101 0.897415 0.00870135 40.9304 -0.00536453 -0.00705884 0.999961 1.23152
0.867864 -0.496761 0.00634514 91.8798 0.496678 0.867862 0.0112013 41.2031 -0.0110711 -0.00656972 0.999917 1.23558
0.835546 -0.549302 0.0113796 92.2636 0.549142 0.835603 0.0145139 41.4734 -0.0174813 -0.00587798 0.99983 1.25086
0.811485 -0.58426 0.0114774 92.6483 0.58402 0.811521 0.0188314 41.6022 -0.0203166 -0.00857842 0.999757 1.27784
0.786764 -0.617169 0.0102224 93.0204 0.61685 0.786741 0.0231204 41.8084 -0.0223116 -0.0118846 0.99968 1.27587
0.762025 -0.647526 0.00539697 93.3629 0.647236 0.76189 0.0247046 42.1419 -0.0201087 -0.0153324 0.99968 1.25708
0.74059 -0.671954 0.00188819 93.7086 0.671687 0.74037 0.0262572 42.4658 -0.0190416 -0.0181776 0.999653 1.22348
0.724553 -0.689208 0.00400003 94.057 0.688975 0.724438 0.0224202 42.8139 -0.0183499 -0.0134887 0.999741 1.21706
0.711596 -0.702551 0.00722202 94.4012 0.702343 0.711582 0.0191197 43.1445 -0.0185716 -0.00853314 0.999791 1.22194
0.704442 -0.709756 0.0028204 94.8127 0.709545 0.704319 0.0219164 43.5083 -0.0175417 -0.0134376 0.999756 1.21444
0.696775 -0.71729 4.72943e-05 95.1681 0.717079 0.696572 0.0241896 43.9574 -0.0173839 -0.0168208 0.999707 1.19624
0.691134 -0.72272 -0.00313773 95.4688 0.722514 0.69082 0.02722 44.2734 -0.0175048 -0.0210797 0.999624 1.19685
0.688424 -0.725271 -0.00737604 95.7959 0.725152 0.688028 0.0277849 44.6325 -0.0150767 -0.0244766 0.999587 1.19776
0.68841 -0.725266 -0.00897768 96.1491 0.725226 0.688066 0.0247507 45.0795 -0.0117736 -0.0235495 0.999653 1.19498
0.688554 -0.725132 -0.00874952 96.5466 0.725125 0.688292 0.0211712 45.4493 -0.00932972 -0.020922 0.999738 1.19763
0.691101 -0.722714 -0.00805361 96.9662 0.722736 0.690948 0.0156147 45.8427 -0.00572035 -0.016612 0.999846 1.18943
0.694667 -0.71922 -0.0127123 97.3528 0.71933 0.694517 0.0144981 46.2641 -0.00159844 -0.0192157 0.999814 1.18346
0.697883 -0.715965 -0.0187781 97.737 0.71621 0.697687 0.0166066 46.6856 0.00121147 -0.0250385 0.999686 1.20432
0.702434 -0.71145 -0.0206143 98.1609 0.711747 0.702079 0.0223958 47.1942 -0.00146066 -0.0304037 0.999537 1.19299
0.704951 -0.709158 -0.0117773 98.6152 0.709225 0.704669 0.0210366 47.6191 -0.00661921 -0.0231825 0.999709 1.19707
0.708515 -0.705653 -0.00782926 99.0812 0.70562 0.708232 0.0225162 48.107 -0.0103437 -0.0214775 0.999716 1.19888
0.712875 -0.701275 -0.00475539 99.5264 0.701129 0.712547 0.0263642 48.5572 -0.0151001 -0.0221285 0.999641 1.19367
0.714738 -0.699391 0.00125369 99.961 0.69917 0.714555 0.0239294 48.9746 -0.0176318 -0.0162267 0.999713 1.1927
0.715639 -0.69845 0.00535691 100.416 0.698246 0.715583 0.0198245 49.4061 -0.0176797 -0.0104467 0.999789 1.18195
0.714837 -0.699284 0.0032238 100.889 0.699224 0.714825 0.0105552 49.8534 -0.00968551 -0.00529106 0.999939 1.17954
0.714806 -0.699312 -0.00395711 101.451 0.699318 0.714769 0.00767995 50.4146 -0.00254226 -0.00825696 0.999963 1.1584
0.712496 -0.701587 -0.011181 101.93 0.701675 0.712435 0.00941028 50.8892 0.00136363 -0.0145502 0.999893 1.17775
0.710666 -0.703454 -0.0103378 102.419 0.703526 0.71054 0.0135781 51.4062 -0.00220618 -0.0169224 0.999854 1.15336
0.708618 -0.705579 -0.00438203 102.925 0.70554 0.708476 0.0165784 51.8844 -0.0085928 -0.0148394 0.999853 1.16702
0.706884 -0.707329 0.000750454 103.441 0.707196 0.706772 0.0186177 52.4099 -0.0136992 -0.0126298 0.999826 1.19512
0.704749 -0.709455 0.00153008 103.964 0.709299 0.704636 0.0195807 52.9267 -0.0149698 -0.0127142 0.999807 1.18687
0.704212 -0.709989 -0.000859348 104.472 0.709904 0.704108 0.0163761 53.5135 -0.0110218 -0.0121423 0.999866 1.18288
0.702327 -0.71185 -0.00261822 104.99 0.711823 0.702258 0.0119103 54.0804 -0.00663965 -0.0102286 0.999926 1.18207
0.700042 -0.714039 -0.00946976 105.552 0.714097 0.699924 0.013116 54.6519 -0.00273724 -0.0159441 0.999869 1.16533
0.696207 -0.717761 -0.010735 106.106 0.717839 0.696093 0.0127108 55.2044 -0.0016508 -0.0165554 0.999862 1.17966
0.694114 -0.719837 -0.0062617 106.672 0.719842 0.693997 0.013965 55.797 -0.00570695 -0.0142008 0.999883 1.18516
0.691754 -0.722118 -0.00477542 107.239 0.722089 0.691622 0.0157326 56.3701 -0.00805798 -0.0143313 0.999865 1.19591
0.690562 -0.723273 -0.00114408 107.835 0.723211 0.690481 0.0141946 56.9686 -0.00947662 -0.0106297 0.999899 1.1974
0.689494 -0.724285 0.00310173 108.426 0.724212 0.689476 0.0117939 57.566 -0.0106807 -0.00588552 0.999926 1.19872
0.688424 -0.725273 0.00716814 109.016 0.725212 0.68846 0.00952864 58.1648 -0.0118458 -0.00136132 0.999929 1.19731
0.68871 -0.725012 0.00607168 109.512 0.724966 0.688735 0.00826612 58.7589 -0.0101748 -0.00129119 0.999947 1.18837
0.689012 -0.724744 0.00290981 110.091 0.724703 0.689008 0.00861693 59.3983 -0.00824995 -0.00382843 0.999959 1.17814
0.691435 -0.722429 -0.00376811 110.632 0.722406 0.691344 0.0131313 59.981 -0.00688138 -0.0118015 0.999907 1.17519
0.692831 -0.72104 -0.0093012 111.211 0.721071 0.69263 0.0179053 60.6009 -0.00646816 -0.0191122 0.999796 1.17095
0.695046 -0.718831 -0.0138835 111.811 0.718918 0.694648 0.0249254 61.2313 -0.00827298 -0.0273054 0.999593 1.15547
0.696994 -0.716877 -0.0169578 112.42 0.71702 0.696446 0.0290582 61.8642 -0.00902094 -0.0324125 0.999434 1.14778
0.699166 -0.714748 -0.0173843 113.017 0.714926 0.69869 0.0266932 62.4836 -0.00693269 -0.0310914 0.999493 1.16581
0.700396 -0.7136 -0.0148307 113.667 0.713727 0.700038 0.0232659 63.1409 -0.00622049 -0.0268804 0.999619 1.17336
0.700586 -0.713457 -0.0125771 114.281 0.713542 0.700303 0.0208455 63.7782 -0.00606458 -0.0235784 0.999704 1.18389
0.700678 -0.713399 -0.0105981 114.892 0.713446 0.700433 0.0196993 64.3899 -0.00663013 -0.021364 0.99975 1.17858
0.70142 -0.712677 -0.0100484 115.48 0.712673 0.701072 0.0243879 64.9812 -0.0103361 -0.0242674 0.999652 1.17931
0.702999 -0.711128 -0.00938512 116.07 0.711025 0.70249 0.0308596 65.6245 -0.0153522 -0.0283673 0.99948 1.17404
0.704213 -0.709931 -0.00899652 116.681 0.709722 0.703545 0.0363223 66.2602 -0.0194569 -0.0319637 0.9993 1.15421
0.70448 -0.709659 -0.00960899 117.278 0.709574 0.70399 0.0300331 66.8587 -0.0145486 -0.027976 0.999503 1.15126
0.703944 -0.710138 -0.0129068 117.862 0.710255 0.703837 0.0122597 67.4379 0.000378197 -0.0177973 0.999842 1.14311
0.704003 -0.709976 -0.0177288 118.465 0.710141 0.704042 0.00495274 68.0263 0.00896552 -0.0160767 0.999831 1.20608
0.703202 -0.710813 -0.0158573 119.046 0.71099 0.703044 0.0149516 68.6594 0.000520539 -0.0217884 0.999762 1.21439
0.701736 -0.712425 -0.0042211 119.639 0.712137 0.701256 0.0331804 69.2932 -0.0206785 -0.0262899 0.99944 1.2278
0.700722 -0.713376 0.00916126 120.274 0.712516 0.700413 0.0417334 69.9163 -0.0361882 -0.0227159 0.999087 1.15339
0.699517 -0.714592 0.00591075 120.825 0.71409 0.699295 0.0325771 70.4881 -0.0274127 -0.0185674 0.999452 1.17432
0.699242 -0.714884 -0.00111112 121.382 0.714743 0.69907 0.0210614 71.0784 -0.0142797 -0.0155212 0.999778 1.17044
0.698321 -0.715761 -0.00574172 121.938 0.715776 0.698252 0.0103765 71.6788 -0.00341792 -0.0113559 0.99993 1.16033
0.697206 -0.716839 -0.00676476 122.531 0.716859 0.697109 0.012309 72.2663 -0.00410781 -0.0134313 0.999901 1.16521
0.695124 -0.71887 -0.00529946 123.107 0.71884 0.694971 0.0168856 72.8878 -0.00845557 -0.015547 0.999843 1.15276
0.692791 -0.721118 -0.00538862 123.697 0.721101 0.692661 0.0152708 73.5014 -0.00727953 -0.0144652 0.999869 1.14697
0.69043 -0.723379 -0.00546563 124.285 0.723374 0.690322 0.0136409 74.1159 -0.00609448 -0.0133718 0.999892 1.14301
0.687049 -0.726558 -0.00876812 124.814 0.726591 0.686893 0.0155808 74.6915 -0.00529757 -0.0170756 0.99984 1.1679
0.684323 -0.729087 -0.0115923 125.34 0.729163 0.684115 0.017524 75.2702 -0.00484606 -0.0204447 0.999779 1.1952
0.68256 -0.730738 -0.0115734 125.889 0.730797 0.682298 0.0201288 75.869 -0.00681233 -0.022197 0.99973 1.19846
0.681961 -0.731302 -0.0112421 126.47 0.731316 0.681595 0.0246181 76.4747 -0.0103407 -0.0250101 0.999634 1.18748
0.680979 -0.732252 -0.00859074 126.997 0.732222 0.680683 0.0228557 77.0452 -0.0108886 -0.0218546 0.999702 1.18453
0.679628 -0.733494 -0.00960207 127.618 0.733518 0.679398 0.0192144 77.6993 -0.00757001 -0.0201019 0.999769 1.20616
0.675771 -0.73707 -0.00785072 128.12 0.7371 0.675662 0.0128273 78.2484 -0.00415017 -0.0144551 0.999887 1.21937
0.671221 -0.741229 -0.00647484 128.644 0.741256 0.671175 0.0079514 78.8455 -0.00154806 -0.0101367 0.999947 1.21474
0.665934 -0.745999 -0.00420942 129.127 0.745974 0.665834 0.0137158 79.4276 -0.00742921 -0.0122739 0.999897 1.21643
0.660705 -0.750645 -0.000915917 129.716 0.750491 0.660544 0.0211065 80.065 -0.0152385 -0.0146326 0.999777 1.17582
0.656377 -0.754422 0.00393285 130.269 0.754055 0.656205 0.028198 80.6768 -0.023854 -0.015543 0.999595 1.19492
0.654879 -0.755719 0.00479354 130.764 0.755279 0.654691 0.0305377 81.3059 -0.0262162 -0.016378 0.999522 1.17079
0.650469 -0.759532 0.00103107 131.29 0.759233 0.650249 0.0272292 81.9162 -0.0213519 -0.0169289 0.999629 1.15922
0.644712 -0.764425 0.000863639 131.812 0.764313 0.644635 0.0164863 82.5618 -0.0131593 -0.00996881 0.999864 1.18325
0.638929 -0.769266 0.000790032 132.328 0.76925 0.638922 0.00577366 83.2104 -0.00494625 -0.00308123 0.999983 1.21377
0.635021 -0.772493 -0.00180981 132.821 0.772463 0.634971 0.0106004 83.838 -0.00703952 -0.00812945 0.999942 1.1671
0.628847 -0.77752 -0.00362864 133.288 0.777452 0.628713 0.0169775 84.445 -0.010919 -0.0134973 0.999849 1.14743
0.622733 -0.782415 -0.00552476 133.792 0.782358 0.622558 0.018354 85.089 -0.0109209 -0.015752 0.999816 1.1194
0.615408 -0.788114 -0.0122074 134.283 0.788182 0.615187 0.0177136 85.7151 -0.00645052 -0.0205227 0.999769 1.13962
0.60801 -0.793781 -0.015347 134.783 0.793925 0.607824 0.0152964 86.3942 -0.00281367 -0.0214847 0.999765 1.14337
0.601763 -0.798523 -0.015604 135.299 0.798667 0.601553 0.0162981 87.0592 -0.00362778 -0.02227 0.999745 1.14094
0.59513 -0.803478 -0.0155969 135.793 0.803572 0.594745 0.0234651 87.7405 -0.00957751 -0.026498 0.999603 1.14517
0.588404 -0.808415 -0.0156507 136.278 0.80842 0.587818 0.0304614 88.4244 -0.0154257 -0.030576 0.999413 1.1442
0.581784 -0.813212 -0.0146061 136.76 0.813102 0.58108 0.0348152 89.0894 -0.0198248 -0.0321312 0.999287 1.11832
0.576499 -0.816973 -0.0142616 137.236 0.816822 0.575763 0.0360452 89.77 -0.0212366 -0.0324292 0.999248 1.11701
0.572677 -0.81966 -0.0141007 137.714 0.81953 0.57199 0.034622 90.446 -0.0203128 -0.0313832 0.999301 1.09758
0.569278 -0.821915 -0.0194203 138.163 0.821988 0.56855 0.0329455 91.1306 -0.016037 -0.0347184 0.999268 1.09229
0.565932 -0.824084 -0.0246151 138.607 0.824372 0.565211 0.0307725 91.8141 -0.0114464 -0.0377071 0.999223 1.09032
0.563683 -0.825505 -0.0283217 139.054 0.825957 0.563018 0.028372 92.4882 -0.00747564 -0.0393853 0.999196 1.09566
0.561483 -0.826932 -0.0303438 139.522 0.827444 0.560696 0.0309108 93.1714 -0.00854746 -0.0424637 0.999061 1.12238
0.559208 -0.828568 -0.0276017 139.982 0.828822 0.558017 0.0408832 93.8875 -0.0184723 -0.0457391 0.998783 1.09286
0.556897 -0.830209 -0.0248859 140.439 0.830099 0.555303 0.0507389 94.6017 -0.0283047 -0.048914 0.998402 1.05723
0.552454 -0.833264 -0.0215847 140.883 0.833146 0.551205 0.0451729 95.2565 -0.0257434 -0.0429391 0.998746 1.04488
0.548378 -0.835995 -0.0198503 141.334 0.836017 0.547547 0.0356022 95.9326 -0.0188943 -0.0361187 0.999169 1.02298
0.54304 -0.839543 -0.0165831 141.79 0.839619 0.54259 0.0252187 96.6165 -0.0121744 -0.0276182 0.999544 1.04004
0.537002 -0.843415 -0.0167421 142.222 0.843519 0.536617 0.022747 97.2985 -0.0102011 -0.0263375 0.999601 1.09831
0.530376 -0.847659 -0.0132315 142.652 0.847596 0.529898 0.0281009 98.0391 -0.0168086 -0.026119 0.999518 1.0632
0.524575 -0.851259 -0.0133934 143.055 0.851116 0.523977 0.0324091 98.7119 -0.0205707 -0.0284003 0.999385 1.04732
0.518357 -0.855131 -0.00750717 143.499 0.854818 0.517878 0.0329866 99.4193 -0.02432 -0.0235161 0.999428 1.01559
0.513845 -0.857879 0.00259527 143.956 0.857521 0.513714 0.0275015 100.15 -0.0249262 -0.011906 0.999618 1.00955
0.508597 -0.860928 0.0114833 144.374 0.860774 0.508724 0.0163808 100.867 -0.0199445 0.00155333 0.9998 1.04687
0.504317 -0.863502 0.00528348 144.824 0.863451 0.504345 0.00942171 101.522 -0.0108004 -0.000189503 0.999942 1.03814
0.49849 -0.866892 0.00249871 145.32 0.866875 0.498496 0.00534855 102.283 -0.00588221 -0.00050013 0.999983 1.03841
0.492177 -0.870494 0.00141129 145.73 0.870448 0.492167 0.00955724 103.054 -0.00901411 -0.00347541 0.999953 1.05355
0.487659 -0.873032 0.00173703 146.107 0.872803 0.487575 0.0220168 103.752 -0.0200683 -0.0092206 0.999756 1.01567
0.483134 -0.875544 0.00209513 146.495 0.87503 0.48293 0.0331942 104.478 -0.0300748 -0.014204 0.999447 0.98426
0.480306 -0.877091 0.00424637 146.87 0.876632 0.480202 0.0303702 105.22 -0.0286765 -0.0108645 0.99953 0.992843
0.478435 -0.878122 0.00154367 147.298 0.877893 0.478348 0.0220745 106.008 -0.0201225 -0.00920601 0.999755 0.995422
0.476582 -0.879122 -0.00366678 147.701 0.879056 0.476484 0.014961 106.78 -0.0114054 -0.0103534 0.999881 1.00636
0.47486 -0.880008 -0.00970173 148.04 0.880038 0.474739 0.0124723 107.499 -0.00636998 -0.0144605 0.999875 1.00883
0.473112 -0.880953 -0.00934268 148.46 0.880963 0.472963 0.0144972 108.255 -0.00835264 -0.0150894 0.999851 1.02112
0.473064 -0.881018 -0.004254 148.863 0.880908 0.472915 0.0187696 108.996 -0.0145245 -0.0126266 0.999815 1.00802
0.472731 -0.881205 -0.00188717 149.272 0.88096 0.472547 0.0246703 109.746 -0.0208479 -0.013325 0.999694 0.974892
0.471857 -0.881673 -0.00210985 149.632 0.881371 0.47163 0.0273743 110.458 -0.0231401 -0.0147763 0.999623 0.93729
0.470652 -0.882307 -0.00464071 150.125 0.882181 0.470478 0.0201757 111.284 -0.0156178 -0.0135897 0.999786 0.86511
0.468406 -0.883505 0.00383385 150.514 0.883494 0.46842 0.00450478 112.056 -0.00577585 0.00127712 0.999983 0.942594
0.466621 -0.884444 0.00487024 150.905 0.884456 0.466605 -0.00407019 112.784 0.00132738 0.00620675 0.99998 0.992236
0.465752 -0.884913 -0.00200066 151.302 0.884915 0.465748 0.00220548 113.507 -0.00101986 -0.00279762 0.999996 1.01264
0.464413 -0.885614 0.00293335 151.649 0.885556 0.464417 0.0104121 114.215 -0.0105834 -0.00223789 0.999942 0.989216
0.462353 -0.886623 0.0114056 152.042 0.886572 0.462465 0.0107863 115.023 -0.014838 0.00512484 0.999877 0.968908
0.461958 -0.886848 0.00976514 152.448 0.88681 0.462041 0.00928431 115.804 -0.0127457 0.00437087 0.999909 0.978935
0.462147 -0.886803 0.000975283 152.798 0.886748 0.46213 0.010683 116.536 -0.00992443 -0.00407229 0.999942 0.921333
0.461658 -0.887056 -0.00170937 153.154 0.887023 0.461622 0.00974296 117.31 -0.00785347 -0.00601417 0.999951 0.94577
0.461306 -0.887238 -0.00254932 153.527 0.887203 0.461257 0.0106546 118.065 -0.00827727 -0.00717679 0.99994 0.963559
0.459716 -0.88805 -0.00526202 153.916 0.887992 0.459594 0.0156169 118.837 -0.0114502 -0.011852 0.999864 0.9594
0.460446 -0.887656 -0.00743397 154.298 0.887564 0.460226 0.0205686 119.509 -0.0148366 -0.0160689 0.999761 0.938794
0.459096 -0.888362 -0.00657759 154.657 0.88827 0.458903 0.0196127 120.286 -0.0144047 -0.0148468 0.999786 0.961708
0.459084 -0.888342 -0.00943805 155.02 0.888305 0.458864 0.0189038 121.001 -0.0124623 -0.0170623 0.999777 0.926221
0.457555 -0.889106 -0.011608 155.389 0.88915 0.45739 0.0143663 121.767 -0.00746374 -0.0168946 0.999829 0.971253
0.456926 -0.889446 -0.010237 155.754 0.889491 0.456825 0.0108119 122.515 -0.0049401 -0.0140459 0.999889 1.00336
0.455774 -0.889903 -0.0185261 156.154 0.889951 0.455227 0.0274723 123.239 -0.0160141 -0.0290085 0.999451 0.868763
0.453937 -0.89092 -0.0142364 156.503 0.890686 0.453256 0.0351739 123.926 -0.0248845 -0.0286469 0.99928 0.869578
0.452891 -0.891563 -0.00234857 156.873 0.891145 0.452595 0.0319032 124.604 -0.0273807 -0.0165416 0.999488 0.891412
0.452711 -0.891652 -0.00311597 157.185 0.89137 0.452474 0.0269516 125.288 -0.0226216 -0.0149788 0.999632 0.85511
0.453018 -0.891434 -0.01094 157.516 0.891343 0.452672 0.0244334 125.941 -0.0168286 -0.0208201 0.999642 0.805105
0.453626 -0.891191 -0.00142065 157.802 0.891135 0.453579 0.0120479 126.583 -0.0100926 -0.00673121 0.999926 0.931781
0.454332 -0.890832 -0.000706854 158.099 0.890816 0.454319 0.00637239 127.184 -0.00535559 -0.00352486 0.999979 0.924248
0.45641 -0.88976 -0.0041333 158.425 0.889769 0.456398 0.00349342 127.834 -0.00122188 -0.00527211 0.999985 0.958742
0.461015 -0.887343 -0.00932457 158.722 0.887393 0.46099 0.00477664 128.43 6.00102e-05 -0.0104767 0.999945 0.965771
0.46626 -0.884609 -0.00826126 159.023 0.88464 0.466195 0.00864361 129.051 -0.00379486 -0.0113384 0.999928 0.936652
0.470265 -0.882462 -0.0106015 159.31 0.882385 0.469942 0.0234973 129.624 -0.0157534 -0.0204046 0.999668 0.852131
0.475453 -0.879696 -0.00895003 159.642 0.879479 0.475038 0.0292414 130.221 -0.0214719 -0.0217743 0.999532 0.875184
0.481368 -0.876407 -0.0139715 159.95 0.876352 0.480905 0.0271624 130.806 -0.0170864 -0.0253191 0.999533 0.806178
0.487535 -0.872937 -0.0170572 160.266 0.873037 0.487165 0.0218139 131.386 -0.0107325 -0.0255266 0.999617 0.770825
0.49372 -0.869424 -0.0185037 160.584 0.869621 0.493587 0.0114904 131.975 -0.000856858 -0.0217643 0.999763 0.849233
0.500712 -0.865465 -0.0160515 160.892 0.865602 0.500718 0.00387013 132.553 0.0046878 -0.015832 0.999864 0.941176
0.507136 -0.8617 -0.0169466 161.223 0.861861 0.507103 0.00648118 133.092 0.00300885 -0.0178925 0.999835 0.981804
0.512225 -0.858728 -0.0145405 161.548 0.858851 0.512157 0.00831092 133.629 0.000310224 -0.0167452 0.99986 0.980999
0.517363 -0.855704 -0.0103085 161.929 0.855756 0.517261 0.0110434 134.22 -0.00411768 -0.014535 0.999886 0.982321
0.522352 -0.852715 -0.00509037 162.288 0.852685 0.522255 0.0133527 134.772 -0.00872757 -0.0113153 0.999898 0.979575
0.525185 -0.850976 -0.00459201 162.629 0.850914 0.525061 0.0159826 135.334 -0.0111898 -0.0123013 0.999862 0.970348
